sample,timestamp,rtt
0,20189681760188,3748
1,20189682106480,3815
2,20189685122035,3916
3,20189685674421,3849
4,20189685705540,3813
5,20189688411409,3786
6,20189688432342,3723
7,20189689260023,3670
8,20189689280402,3659
9,20189690145632,3648
10,20189692537617,3746
11,20189693306572,3792
12,20189694280254,3927
13,20189694687752,4167
14,20189695005000,4323
15,20189695022158,4500
16,20189698878322,4657
17,20189703294210,5166
18,20189703310945,6163
19,20189704538076,7037
20,20189704557061,7657
21,20189704572977,8201
